Ind_0_F,Ind_1_M,Ind_2_M,Ind_3_F,Ind_4_M,Ind_5_M,Ind_6_F,Ind_7_M,Ind_8_F,Ind_9_F
0,667,423,612,363,564,355,368,534,626
667,0,484,746,883,549,262,863,365,505
423,484,0,382,169,644,256,679,875,233
612,746,382,0,291,330,349,422,468,530
363,883,169,291,0,696,595,391,786,325
564,549,644,330,696,0,920,253,878,388
355,262,256,349,595,920,0,590,323,698
368,863,679,422,391,253,590,0,282,689
534,365,875,468,786,878,323,282,0,245
626,505,233,530,325,388,698,689,245,0
