FloHyb_26055848,FloHyb_26056533,FloHyb_48036067,FloHyb_48349076,FloHyb_51777322,FloHyb_52312895,FloHyb_52376100,FloHyb_52604553,FloHyb_52793336,FloHyb_52796799
0,13,6,7,13,10,8,9,10,9
13,0,8,6,12,2,9,18,22,7
6,8,0,3,6,1,4,4,13,1
7,6,3,0,7,9,12,12,4,13
13,12,6,7,0,14,9,3,8,9
10,2,1,9,14,0,10,6,1,10
8,9,4,12,9,10,0,14,9,11
9,18,4,12,3,6,14,0,12,11
10,22,13,4,8,1,9,12,0,5
9,7,1,13,9,10,11,11,5,0
